Some find meaning in things similar, but not quite the same.

Entries:
00110001 00110101 00111000 00111001 00110101 00110001 00110010 00111000 00111001 00110000 00110000 00110001 00110010 00110101 00110000 00110000 00111001 00110001 00110010 00110011 00110101 00110010 00101010 01101111 01101100 01101000 01001000
01100001 01100001 00110111 00111001 01100010 01100110 01110011 01100100 00111001 00111000 00110001 00110010 00110101 01100001 01110011 01100110 01100001 00110101 01110111 01100101 01100110 01110011 01110110 01100101 01100101 00110010 00110101
01110010 00110100 00110101 00110110 01100100 01110011 00110011 00110101 01110011 01100110 01100001 01100100 01100111 01101110 00110101 00110010 00101010 01101111 01101100 01101000 01001000 00110010 00101010 01101111 01101100 01101000 01001000
00110001 00110110 00110011 00110100 01111001 00110101 01101000 01110100 01100101 01110011 01100001 01100101 01100110 00110100 00110101 00110010 01111001 00110101 01110111 01100101 01100110 01110011 01110110 01100101 01100101 00110101 01100101
00110001 00110100 00110100 01110101 00110110 01110101 00111011 01101100 00101100 01100111 01101000 01100010 01100010 00110010 00110101 00110100 01101000 01100100 01100110 01100111 00110101 01110111 01100101 01100110 01110011 01110110 01100101
00110001 00110101 00111000 00111001 00110101 00110001 00110010 00111000 00111001 00110000 00110000 00110001 00110010 00110101 00110000 00110000 00111001 00110001 00101010 01101111 01101100 01101000 01001000 01100100 01100111 01101110 00110101
00110001 00110011 00110100 01111001 01110001 01100001 01110111 01100111 01110010 00100011 00100110 01111001 00101000 01011110 00100011 01000000 00101010 01101111 01101100 01101000 01001000 01001000 01101011 01101010 01101000 01101100 00100110
01110010 00110100 00110101 00110110 01100100 01110011 00110011 00110101 01110011 01100110 01100001 01100100 01100111 01101110 00110101 00110010 00101010 01101111 01101100 01101000 01001000 01100100 01100111 01101110 00110101 00110010 00110101
00110010 00110011 00110001 00110100 00110101 01100111 01100001 01110011 01100010 01100110 01100100 01101000 01101010 01110011 01110111 01100101 01100110 01110111 00110101 01110010 01100101 01110110 01110110 01110011 01111000 00101010 01101111
00110011 00110110 00110101 01110100 01101000 01110010 01100111 01100010 01110011 01100100 01110110 01110011 01100001 01100100 01111000 01101001 01101100 01101000 01101010 00110101 00110011 01110001 00110100 00110110 00110111 00110011 00110100
00110001 00110011 00110100 01111001 01110001 01100001 01110111 01100111 01110010 00100011 00100110 01111001 00101000 01011110 00100011 01000000 00101010 01101111 01101100 01101000 01001000 01001000 01101011 01101010 01101000 01101100 00100110
00110001 00110101 00111000 00111001 00110101 00110001 00110010 00111000 00111001 00110000 00110000 00110001 00110010 00110101 00110000 00110000 00111001 00110001 00110010 00110011 00110101 00110010 00101010 01101111 01101100 01101000 01001000
01100001 01100001 00110111 00111001 01100010 01100110 01110011 01100100 00111001 00111000 00110001 00110010 00110101 01100001 01110011 01100110 01100001 00101010 01101111 01101100 01101000 01001000 01100100 01100111 01101110 00110101 00101010
01110010 00110100 00110101 00110110 01100100 01110011 00110011 00110101 01110011 01100110 01100001 01110111 01100111 01110010 11000010 01110111 01100111 01110010 00110101 01110111 01100101 01100110 01110011 01110110 01100101 01100101 01001000
00110001 00110110 00110011 00110100 01111001 00110101 01101000 01110100 01100101 01110011 01100001 01100101 01100110 00110100 00110101 00110010 01111001 00110101 01110111 01100101 01100110 01110011 01110110 01100101 01100101 00110101 01100101
00110001 00110100 00110100 01110101 00110110 01110101 00111011 01101100 00101100 01100111 01101000 01100010 01100010 00110110 00110010 00110101 00110100 01101000 01100100 01100110 01100111 01100100 01100111 01101110 00110101 01100100 01100111
00110001 00110101 00111000 00111001 00110101 00110001 00110010 00111000 00111001 00110000 00110000 00110001 00110010 00110101 00110000 00110000 00111001 00110001 00110010 00110011 00110101 00110101 01110111 01100101 01100110 01110011 01110110
00110001 00110011 00110100 01111001 01110001 01100001 01110111 01100111 01110010 00100011 00101010 01101111 01101100 01101000 01001000 01001000 01101011 01101010 01101000 01101100 00100110 00101010 01100100 01100111 01101110 00110101 01100100
01110010 00110100 00110101 00110110 01100100 01110011 00110011 00110101 01110011 01100110 01100001 01100100 01100111 01101110 00110101 00110010 00101010 01101111 01101100 01101000 01001000 00110101 01110111 01100101 01100110 01110011 01110110
00110010 00110011 00110001 00110100 00110101 01110010 01100111 01100001 01100010 01100110 01100100 01101000 01101010 01110011 01110111 01100101 01100110 01110111 00110101 01110010 01100101 01110110 01110110 01110011 01111000 01100100 01100111
00110011 00110110 00110101 01110100 01101000 01110010 01100111 01100010 01110011 01100100 01110110 01110011 01100001 01100100 01111000 01100011 01101001 01101100 01101000 01101010 00110101 00110011 01110001 00110100 00110110 00110111 00110011
00110001 00110011 00110100 01111001 01110001 01100001 01110111 01100111 01110010 00100011 00100110 01111001 00101000 01011110 00100011 01000000 00101010 01101111 01101100 01101000 01001000 01001000 01101011 01101010 01101000 01101100 00100110
00110001 00110101 00111000 00111001 00110101 00110001 00110010 00111000 00111001 00110000 00110000 00110001 00110010 00110101 00110000 00110000 00111001 00110001 00110010 00110011 00110101 00101010 01101111 01101100 01101000 01001000 01100100
01110100 01111001 01110000 01100101 00100000 00111110 00100000 01110100 01101111 00100000 01100001 01100011 01110100 01101001 01110110 01100001 01110100 01100101 00100000 01110100 01100101 01110010 01101101 01101001 01101110 01100001 01101100
01110010 00110100 00110101 00110110 01100100 01110011 00110011 00110101 01110011 01100110 01100100 01100111 01101110 00110101 00110010 00110011 00110100 01111001 00110101 01101000 01110100 01100101 01110011 01100001 01100101 01100110 00110100
00110001 00110110 00110011 00110100 01111001 00110101 01101000 01110100 01100101 01110011 01100001 01100101 01100110 00110100 00110101 00110010 01111001 01110111 01100101 01100110 01110011 01110110 01100101 01100101 00110101 01100101 01110010
00110001 00110100 00110100 01110101 00110110 01110101 00111011 01101100 00101100 01100111 01101000 01100010 01100010 00110110 00110010 00110101 00110100 01101000 01100100 01100110 01100111 00110011 00110100 01111001 00110101 01101000 01110100

Take this wisdom to your final fight.
